1
3
9
27
81
243
729
2187
6561
3299
1705
5115
7153
5075
7033
4715
5953
1475
4425
5083
7057
4787
6169
2123
6369
2723
8169
8123
7985
7571
6329
2603
7809
7043
4745
6043
1745
5235
7513
6155
2081
6243
2345
7035
4721
5971
1529
4587
5569
323
969
2907
529
1587
4761
6091
1889
5667
617
1851
5553
275
825
2475
7425
5891
1289
3867
3409
2035
6105
1931
5793
995
2985
763
2289
6867
4217
4459
5185
7363
5705
731
2193
6579
3353
1867
5601
419
1257
3771
3121
1171
3513
2347
7041
4739
6025
1691
5073
7027
4697
5899
1313
3939
3625
2683
8049
7763
6905
4331
4801
6211
2249
6747
3857
3379
1945
5835
1121
3363
1897
5691
689
2067
6201
2219
6657
3587
2569
7707
6737
3827
3289
1675
5025
6883
4265
4603
5617
467
1401
4203
4417
5059
6985
4571
5521
179
537
1611
4833
6307
2537
7611
6449
2963
697
2091
6273
2435
7305
5531
209
627
1881
5643
545
1635
4905
6523
3185
1363
4089
4075
4033
3907
3529
2395
7185
5171
7321
5579
353
1059
3177
1339
4017
3859
3385
1963
5889
1283
3849
3355
1873
5619
473
1419
4257
4579
5545
251
753
2259
6777
3947
3649
2755
73
219
657
1971
5913
1355
4065
4003
3817
3259
1585
4755
6073
1835
5505
131
393
1179
3537
2419
7257
5387
7969
7523
6185
2171
6513
3155
1273
3819
3265
1603
4809
6235
2321
6963
4505
5323
7777
6947
4457
5179
7345
5651
569
1707
5121
7171
5129
7195
5201
7411
5849
1163
3489
2275
6825
4091
4081
4051
3961
3691
2881
451
1353
4059
3985
3763
3097
1099
3297
1699
5097
7099
4913
6547
3257
1579
4737
6019
1673
5019
6865
4211
4441
5131
7201
5219
7465
6011
1649
4947
6649
3563
2497
7491
6089
1883
5649
563
1689
5067
7009
4643
5737
827
2481
7443
5945
1451
4353
4867
6409
2843
337
1011
3033
907
2721
8163
8105
7931
7409
5843
1145
3435
2113
6339
2633
7899
7313
5555
281
843
2529
7587
6377
2747
49
147
441
1323
3969
3715
2953
667
2001
6003
1625
4875
6433
2915
553
1659
4977
6739
3833
3307
1729
5187
7369
5723
785
2355
7065
4811
6241
2339
7017
4667
5809
1043
3129
1195
3585
2563
7689
6683
3665
2803
217
651
1953
5859
1193
3579
2545
7635
6521
3179
1345
4035
3913
3547
2449
7347
5657
587
1761
5283
7657
6587
3377
1939
5817
1067
3201
1411
4233
4507
5329
7795
7001
4619
5665
611
1833
5499
113
339
1017
3051
961
2883
457
1371
4113
4147
4249
4555
5473
35
105
315
945
2835
313
939
2817
259
777
2331
6993
4595
5593
395
1185
3555
2473
7419
5873
1235
3705
2923
577
1731
5193
7387
5777
947
2841
331
993
2979
745
2235
6705
3731
3001
811
2433
7299
5513
155
465
1395
4185
4363
4897
6499
3113
1147
3441
2131
6393
2795
193
579
1737
5211
7441
5939
1433
4299
4705
5923
1385
4155
4273
4627
5689
683
2049
6147
2057
6171
2129
6387
2777
139
417
1251
3753
3067
1009
3027
889
2667
8001
7619
6473
3035
913
2739
25
75
225
675
2025
6075
1841
5523
185
555
1665
4995
6793
3995
3793
3187
1369
4107
4129
4195
4393
4987
6769
3923
3577
2539
7617
6467
3017
859
2577
7731
6809
4043
3937
3619
2665
7995
7601
6419
2873
427
1281
3843
3337
1819
5457
8179
8153
8075
7841
7139
5033
6907
4337
4819
6265
2411
7233
5315
7753
6875
4241
4531
5401
8011
7649
6563
3305
1723
5169
7315
5561
299
897
2691
8073
7835
7121
4979
6745
3851
3361
1891
5673
635
1905
5715
761
2283
6849
4163
4297
4699
5905
1331
3993
3787
3169
1315
3945
3643
2737
19
57
171
513
1539
4617
5659
593
1779
5337
7819
7073
4835
6313
2555
7665
6611
3449
2155
6465
3011
841
2523
7569
6323
2585
7755
6881
4259
4585
5563
305
915
2745
43
129
387
1161
3483
2257
6771
3929
3595
2593
7779
6953
4475
5233
7507
6137
2027
6081
1859
5577
347
1041
3123
1177
3531
2401
7203
5225
7483
6065
1811
5433
8107
7937
7427
5897
1307
3921
3571
2521
7563
6305
2531
7593
6395
2801
211
633
1899
5697
707
2121
6363
2705
8115
7961
7499
6113
1955
5865
1211
3633
2707
8121
7979
7553
6275
2441
7323
5585
371
1113
3339
1825
5475
41
123
369
1107
3321
1771
5313
7747
6857
4187
4369
4915
6553
3275
1633
4899
6505
3131
1201
3603
2617
7851
7169
5123
7177
5147
7249
5363
7897
7307
5537
227
681
2043
6129
2003
6009
1643
4929
6595
3401
2011
6033
1715
5145
7243
5345
7843
7145
5051
6961
4499
5305
7723
6785
3971
3721
2971
721
2163
6489
3083
1057
3171
1321
3963
3697
2899
505
1515
4545
5443
8137
8027
7697
6707
3737
3019
865
2595
7785
6971
4529
5395
7993
7595
6401
2819
265
795
2385
7155
5081
7051
4769
6115
1961
5883
1265
3795
3193
1387
4161
4291
4681
5851
1169
3507
2329
6987
4577
5539
233
699
2097
6291
2489
7467
6017
1667
5001
6811
4049
3955
3673
2827
289
867
2601
7803
7025
4691
5881
1259
3777
3139
1225
3675
2833
307
921
2763
97
291
873
2619
7857
7187
5177
7339
5633
515
1545
4635
5713
755
2265
6795
4001
3811
3241
1531
4593
5587
377
1131
3393
1987
5961
1499
4497
5299
7705
6731
3809
3235
1513
4539
5425
8083
7865
7211
5249
7555
6281
2459
7377
5747
857
2571
7713
6755
3881
3451
2161
6483
3065
1003
3009
835
2505
7515
6161
2099
6297
2507
7521
6179
2153
6459
2993
787
2361
7083
4865
6403
2825
283
849
2547
7641
6539
3233
1507
4521
5371
7921
7379
5753
875
2625
7875
7241
5339
7825
7091
4889
6475
3041
931
2793
187
561
1683
5049
6955
4481
5251
7561
6299
2513
7539
6233
2315
6945
4451
5161
7291
5489
83
249
747
2241
6723
3785
3163
1297
3891
3481
2251
6753
3875
3433
2107
6321
2579
7737
6827
4097
4099
4105
4123
4177
4339
4825
6283
2465
7395
5801
1019
3057
979
2937
619
1857
5571
329
987
2961
691
2073
6219
2273
6819
4073
4027
3889
3475
2233
6699
3713
2947
649
1947
5841
1139
3417
2059
6177
2147
6441
2939
625
1875
5625
491
1473
4419
5065
7003
4625
5683
665
1995
5985
1571
4713
5947
1457
4371
4921
6571
3329
1795
5385
7963
7505
6131
2009
6027
1697
5091
7081
4859
6385
2771
121
363
1089
3267
1609
4827
6289
2483
7449
5963
1505
4515
5353
7867
7217
5267
7609
6443
2945
643
1929
5787
977
2931
601
1803
5409
8035
7721
6779
3953
3667
2809
235
705
2115
6345
2651
7953
7475
6041
1739
5217
7459
5993
1595
4785
6163
2105
6315
2561
7683
6665
3611
2641
7923
7385
5771
929
2787
169
507
1521
4563
5497
107
321
963
2889
475
1425
4275
4633
5707
737
2211
6633
3515
2353
7059
4793
6187
2177
6531
3209
1435
4305
4723
5977
1547
4641
5731
809
2427
7281
5459
8185
8171
8129
8003
7625
6491
3089
1075
3225
1483
4449
5155
7273
5435
8113
7955
7481
6059
1793
5379
7945
7451
5969
1523
4569
5515
161
483
1449
4347
4849
6355
2681
8043
7745
6851
4169
4315
4753
6067
1817
5451
8161
8099
7913
7355
5681
659
1977
5931
1409
4227
4489
5275
7633
6515
3161
1291
3873
3427
2089
6267
2417
7251
5369
7915
7361
5699
713
2139
6417
2867
409
1227
3681
2851
361
1083
3249
1555
4665
5803
1025
3075
1033
3099
1105
3315
1753
5259
7585
6371
2729
8187
8177
8147
8057
7787
6977
4547
5449
8155
8081
7859
7193
5195
7393
5795
1001
3003
817
2451
7353
5675
641
1923
5769
923
2769
115
345
1035
3105
1123
3369
1915
5745
851
2553
7659
6593
3395
1993
5979
1553
4659
5785
971
2913
547
1641
4923
6577
3347
1849
5547
257
771
2313
6939
4433
5107
7129
5003
6817
4067
4009
3835
3313
1747
5241
7531
6209
2243
6729
3803
3217
1459
4377
4939
6625
3491
2281
6843
4145
4243
4537
5419
8065
7811
7049
4763
6097
1907
5721
779
2337
7011
4649
5755
881
2643
7929
7403
5825
1091
3273
1627
4881
6451
2969
715
2145
6435
2921
571
1713
5139
7225
5291
7681
6659
3593
2587
7761
6899
4313
4747
6049
1763
5289
7675
6641
3539
2425
7275
5441
8131
8009
7643
6545
3251
1561
4683
5857
1187
3561
2491
7473
6035
1721
5163
7297
5507
137
411
1233
3699
2905
523
1569
4707
5929
1403
4209
4435
5113
7147
5057
6979
4553
5467
17
51
153
459
1377
4131
4201
4411
5041
6931
4409
5035
6913
4355
4873
6427
2897
499
1497
4491
5281
7651
6569
3323
1777
5331
7801
7019
4673
5827
1097
3291
1681
5043
6937
4427
5089
7075
4841
6331
2609
7827
7097
4907
6529
3203
1417
4251
4561
5491
89
267
801
2403
7209
5243
7537
6227
2297
6891
4289
4675
5833
1115
3345
1843
5529
203
609
1827
5481
59
177
531
1593
4779
6145
2051
6153
2075
6225
2291
6873
4235
4513
5347
7849
7163
5105
7123
4985
6763
3905
3523
2377
7131
5009
6835
4121
4171
4321
4771
6121
1979
5937
1427
4281
4651
5761
899
2697
8091
7889
7283
5465
11
33
99
297
891
2673
8019
7673
6635
3521
2371
7113
4955
6673
3635
2713
8139
8033
7715
6761
3899
3505
2323
6969
4523
5377
7939
7433
5915
1361
4083
4057
3979
3745
3043
937
2811
241
723
2169
6507
3137
1219
3657
2779
145
435
1305
3915
3553
2467
7401
5819
1073
3219
1465
4395
4993
6787
3977
3739
3025
883
2649
7947
7457
5987
1577
4731
6001
1619
4857
6379
2753
67
201
603
1809
5427
8089
7883
7265
5411
8041
7739
6833
4115
4153
4267
4609
5635
521
1563
4689
5875
1241
3723
2977
739
2217
6651
3569
2515
7545
6251
2369
7107
4937
6619
3473
2227
6681
3659
2785
163
489
1467
4401
5011
6841
4139
4225
4483
5257
7579
6353
2675
8025
7691
6689
3683
2857
379
1137
3411
2041
6123
1985
5955
1481
4443
5137
7219
5273
7627
6497
3107
1129
3387
1969
5907
1337
4011
3841
3331
1801
5403
8017
7667
6617
3467
2209
6627
3497
2299
6897
4307
4729
5995
1601
4803
6217
2267
6801
4019
3865
3403
2017
6051
1769
5307
7729
6803
4025
3883
3457
2179
6537
3227
1489
4467
5209
7435
5921
1379
4137
4219
4465
5203
7417
5867
1217
3651
2761
91
273
819
2457
7371
5729
803
2409
7227
5297
7699
6713
3755
3073
1027
3081
1051
3153
1267
3801
3211
1441
4323
4777
6139
2033
6099
1913
5739
833
2499
7497
6107
1937
5811
1049
3147
1249
3747
3049
955
2865
403
1209
3627
2689
8067
7817
7067
4817
6259
2393
7179
5153
7267
5417
8059
7793
6995
4601
5611
449
1347
4041
3931
3601
2611
7833
7115
4961
6691
3689
2875
433
1299
3897
3499
2305
6915
4361
4891
6481
3059
985
2955
673
2019
6057
1787
5361
7891
7289
5483
65
195
585
1755
5265
7603
6425
2891
481
1443
4329
4795
6193
2195
6585
3371
1921
5763
905
2715
8145
8051
7769
6923
4385
4963
6697
3707
2929
595
1785
5355
7873
7235
5321
7771
6929
4403
5017
6859
4193
4387
4969
6715
3761
3091
1081
3243
1537
4611
5641
539
1617
4851
6361
2699
8097
7907
7337
5627
497
1491
4473
5227
7489
6083
1865
5595
401
1203
3609
2635
7905
7331
5609
443
1329
3987
3769
3115
1153
3459
2185
6555
3281
1651
4953
6667
3617
2659
7977
7547
6257
2387
7161
5099
7105
4931
6601
3419
2065
6195
2201
6603
3425
2083
6249
2363
7089
4883
6457
2987
769
2307
6921
4379
4945
6643
3545
2443
7329
5603
425
1275
3825
3283
1657
4971
6721
3779
3145
1243
3729
2995
793
2379
7137
5027
6889
4283
4657
5779
953
2859
385
1155
3465
2203
6609
3443
2137
6411
2849
355
1065
3195
1393
4179
4345
4843
6337
2627
7881
7259
5393
7987
7577
6347
2657
7971
7529
6203
2225
6675
3641
2731
8191
8189
8183
8165
8111
7949
7463
6005
1631
4893
6487
3077
1039
3117
1159
3477
2239
6717
3767
3109
1135
3405
2023
6069
1823
5469
23
69
207
621
1863
5589
383
1149
3447
2149
6447
2957
679
2037
6111
1949
5847
1157
3471
2221
6663
3605
2623
7869
7223
5285
7663
6605
3431
2101
6303
2525
7575
6341
2639
7917
7367
5717
767
2301
6903
4325
4783
6157
2087
6261
2399
7197
5207
7429
5903
1325
3975
3733
3007
829
2487
7461
5999
1613
4839
6325
2591
7773
6935
4421
5071
7021
4679
5845
1151
3453
2167
6501
3119
1165
3495
2293
6879
4253
4567
5509
143
429
1287
3861
3391
1981
5943
1445
4335
4813
6247
2357
7071
4829
6295
2501
7503
6125
1991
5973
1535
4605
5623
485
1455
4365
4903
6517
3167
1309
3927
3589
2575
7725
6791
3989
3775
3133
1207
3621
2671
8013
7655
6581
3359
1885
5655
581
1743
5229
7495
6101
1919
5757
887
2661
7983
7565
6311
2549
7647
6557
3287
1669
5007
6829
4103
4117
4159
4285
4663
5797
1007
3021
871
2613
7839
7133
5015
6853
4175
4333
4807
6229
2303
6909
4343
4837
6319
2573
7719
6773
3935
3613
2647
7941
7439
5933
1415
4245
4543
5437
8119
7973
7535
6221
2279
6837
4127
4189
4375
4933
6607
3437
2119
6357
2687
8061
7799
7013
4655
5773
935
2805
223
669
2007
6021
1679
5037
6919
4373
4927
6589
3383
1957
5871
1229
3687
2869
415
1245
3735
3013
847
2541
7623
6485
3071
1021
3063
997
2991
781
2343
7029
4703
5917
1367
4101
4111
4141
4231
4501
5311
7741
6839
4133
4207
4429
5095
7093
4895
6493
3095
1093
3279
1645
4935
6613
3455
2173
6519
3173
1327
3981
3751
3061
991
2973
727
2181
6543
3245
1543
4629
5695
701
2103
6309
2543
7629
6503
3125
1183
3549
2455
7365
5711
749
2247
6741
3839
3325
1783
5349
7855
7181
5159
7285
5471
29
87
261
783
2349
7047
4757
6079
1853
5559
293
879
2637
7911
7349
5663
605
1815
5445
8143
8045
7751
6869
4223
4477
5239
7525
6191
2189
6567
3317
1759
5277
7639
6533
3215
1453
4359
4885
6463
3005
823
2469
7407
5837
1127
3381
1951
5853
1175
3525
2383
7149
5063
6997
4607
5629
503
1509
4527
5389
7975
7541
6239
2333
6999
4613
5647
557
1671
5013
6847
4157
4279
4645
5743
845
2535
7605
6431
2909
535
1605
4815
6253
2375
7125
4991
6781
3959
3685
2863
397
1191
3573
2527
7581
6359
2693
8079
7853
7175
5141
7231
5309
7735
6821
4079
4045
3943
3637
2719
8157
8087
7877
7247
5357
7879
7253
5375
7933
7415
5861
1199
3597
2599
7797
7007
4637
5719
773
2319
6957
4487
5269
7615
6461
2999
805
2415
7245
5351
7861
7199
5213
7447
5957
1487
4461
5191
7381
5759
893
2679
8037
7727
6797
4007
3829
3295
1693
5079
7045
4751
6061
1799
5397
7999
7613
6455
2981
751
2253
6759
3893
3487
2269
6807
4037
3919
3565
2503
7509
6143
2045
6135
2021
6063
1805
5415
8053
7775
6941
4439
5125
7183
5165
7303
5525
191
573
1719
5157
7279
5453
8167
8117
7967
7517
6167
2117
6351
2669
8007
7637
6527
3197
1399
4197
4399
5005
6823
4085
4063
3997
3799
3205
1423
4269
4615
5653
575
1725
5175
7333
5615
461
1383
4149
4255
4573
5527
197
591
1773
5319
7765
6911
4349
4855
6373
2735
13
39
117
351
1053
3159
1285
3855
3373
1927
5781
959
2877
439
1317
3951
3661
2791
181
543
1629
4887
6469
3023
877
2631
7893
7295
5501
119
357
1071
3213
1447
4341
4831
6301
2519
7557
6287
2477
7431
5909
1343
4029
3895
3493
2287
6861
4199
4405
5023
6877
4247
4549
5455
8173
8135
8021
7679
6653
3575
2533
7599
6413
2855
373
1119
3357
1879
5637
527
1581
4743
6037
1727
5181
7351
5669
623
1869
5607
437
1311
3933
3607
2629
7887
7277
5447
8149
8063
7805
7031
4709
5935
1421
4263
4597
5599
413
1239
3717
2959
685
2055
6165
2111
6333
2615
7845
7151
5069
7015
4661
5791
989
2967
709
2127
6381
2759
85
255
765
2295
6885
4271
4621
5671
629
1887
5661
599
1797
5391
7981
7559
6293
2495
7485
6071
1829
5487
77
231
693
2079
6237
2327
6981
4559
5485
71
213
639
1917
5751
869
2607
7821
7079
4853
6367
2717
8151
8069
7823
7085
4871
6421
2879
445
1335
4005
3823
3277
1639
4917
6559
3293
1687
5061
6991
4589
5575
341
1023
3069
1015
3045
943
2829
295
885
2655
7965
7511
6149
2063
6189
2183
6549
3263
1597
4791
6181
2159
6477
3047
949
2847
349
1047
3141
1231
3693
2887
469
1407
4221
4471
5221
7471
6029
1703
5109
7135
5021
6871
4229
4495
5293
7687
6677
3647
2749
55
165
495
1485
4455
5173
7327
5597
407
1221
3663
2797
199
597
1791
5373
7927
7397
5807
1037
3111
1141
3423
2077
6231
2309
6927
4397
4999
6805
4031
3901
3511
2341
7023
4685
5863
1205
3615
2653
7959
7493
6095
1901
5703
725
2175
6525
3191
1381
4143
4237
4519
5365
7903
7325
5591
389
1167
3501
2311
6933
4415
5053
6967
4517
5359
7885
7271
5429
8095
7901
7319
5573
335
1005
3015
853
2559
7677
6647
3557
2479
7437
5927
1397
4191
4381
4951
6661
3599
2605
7815
7061
4799
6205
2231
6693
3695
2893
487
1461
4383
4957
6679
3653
2767
109
327
981
2943
637
1911
5733
815
2445
7335
5621
479
1437
4311
4741
6031
1709
5127
7189
5183
7357
5687
677
2031
6093
1895
5685
671
2013
6039
1733
5199
7405
5831
1109
3327
1789
5367
7909
7343
5645
551
1653
4959
6685
3671
2821
271
813
2439
7317
5567
317
951
2853
367
1101
3303
1717
5151
7261
5399
8005
7631
6509
3143
1237
3711
2941
631
1893
5679
653
1959
5877
1247
3741
3031
901
2703
8109
7943
7445
5951
1469
4407
5029
6895
4301
4711
5941
1439
4317
4759
6085
1871
5613
455
1365
4095
4093
4087
4069
4015
3853
3367
1909
5727
797
2391
7173
5135
7213
5255
7573
6335
2621
7863
7205
5231
7501
6119
1973
5919
1373
4119
4165
4303
4717
5959
1493
4479
5245
7543
6245
2351
7053
4775
6133
2015
6045
1751
5253
7567
6317
2567
7701
6719
3773
3127
1189
3567
2509
7527
6197
2207
6621
3479
2245
6735
3821
3271
1621
4863
6397
2807
229
687
2061
6183
2165
6495
3101
1111
3333
1807
5421
8071
7829
7103
4925
6583
3365
1903
5709
743
2229
6687
3677
2839
325
975
2925
583
1749
5247
7549
6263
2405
7215
5261
7591
6389
2783
157
471
1413
4239
4525
5383
7957
7487
6077
1847
5541
239
717
2151
6453
2975
733
2199
6597
3407
2029
6087
1877
5631
509
1527
4581
5551
269
807
2421
7263
5405
8023
7685
6671
3629
2695
8085
7871
7229
5303
7717
6767
3917
3559
2485
7455
5981
1559
4677
5839
1133
3399
2005
6015
1661
4983
6757
3887
3469
2215
6645
3551
2461
7383
5765
911
2733
7
21
63
189
567
1701
5103
7117
4967
6709
3743
3037
919
2757
79
237
711
2133
6399
2813
247
741
2223
6669
3623
2677
8031
7709
6743
3845
3343
1837
5511
149
447
1341
4023
3877
3439
2125
6375
2741
31
93
279
837
2511
7533
6215
2261
6783
3965
3703
2917
559
1677
5031
6901
4319
4765
6103
1925
5775
941
2823
277
831
2493
7479
6053
1775
5325
7783
6965
4511
5341
7831
7109
4943
6637
3527
2389
7167
5117
7159
5093
7087
4877
6439
2933
607
1821
5463
5
15
45
135
405
1215
3645
2743
37
111
333
999
2997
799
2397
7191
5189
7375
5741
839
2517
7551
6269
2423
7269
5423
8077
7847
7157
5087
7069
4823
6277
2447
7341
5639
533
1599
4797
6199
2213
6639
3533
2407
7221
5279
7645
6551
3269
1615
4845
6343
2645
7935
7421
5879
1253
3759
3085
1063
3189
1375
4125
4183
4357
4879
6445
2951
661
1983
5949
1463
4389
4975
6733
3815
3253
1567
4701
5911
1349
4047
3949
3655
2773
127
381
1143
3429
2095
6285
2471
7413
5855
1181
3543
2437
7311
5549
263
789
2367
7101
4919
6565
3311
1741
5223
7477
6047
1757
5271
7621
6479
3053
967
2901
511
1533
4599
5605
431
1293
3879
3445
2143
6429
2903
517
1551
4653
5767
917
2751
61
183
549
1647
4941
6631
3509
2335
7005
4631
5701
719
2157
6471
3029
895
2685
8055
7781
6959
4493
5287
7669
6623
3485
2263
6789
3983
3757
3079
1045
3135
1213
3639
2725
8175
8141
8039
7733
6815
4061
3991
3781
3151
1261
3783
3157
1279
3837
3319
1765
5295
7693
6695
3701
2911
541
1623
4869
6415
2861
391
1173
3519
2365
7095
4901
6511
3149
1255
3765
3103
1117
3351
1861
5583
365
1095
3285
1663
4989
6775
3941
3631
2701
8103
7925
7391
5789
983
2949
655
1965
5895
1301
3903
3517
2359
7077
4847
6349
2663
7989
7583
6365
2711
8133
8015
7661
6599
3413
2047
6141
2039
6117
1967
5901
1319
3957
3679
2845
343
1029
3087
1069
3207
1429
4287
4669
5815
1061
3183
1357
4071
4021
3871
3421
2071
6213
2255
6765
3911
3541
2431
7293
5495
101
303
909
2727
8181
8159
8093
7895
7301
5519
173
519
1557
4671
5821
1079
3237
1519
4557
5479
53
159
477
1431
4293
4687
5869
1223
3669
2815
253
759
2277
6831
4109
4135
4213
4447
5149
7255
5381
7951
7469
6023
1685
5055
6973
4535
5413
8047
7757
6887
4277
4639
5725
791
2373
7119
4973
6727
3797
3199
1405
4215
4453
5167
7309
5543
245
735
2205
6615
3461
2191
6573
3335
1813
5439
8125
7991
7589
6383
2765
103
309
927
2781
151
453
1359
4077
4039
3925
3583
2557
7671
6629
3503
2317
6951
4469
5215
7453
5975
1541
4623
5677
647
1941
5823
1085
3255
1573
4719
5965
1511
4533
5407
8029
7703
6725
3791
3181
1351
4053
3967
3709
2935
613
1839
5517
167
501
1503
4509
5335
7813
7055
4781
6151
2069
6207
2237
6711
3749
3055
973
2919
565
1695
5085
7063
4805
6223
2285
6855
4181
4351
4861
6391
2789
175
525
1575
4725
5983
1565
4695
5893
1295
3885
3463
2197
6591
3389
1975
5925
1391
4173
4327
4789
6175
2141
6423
2885
463
1389
4167
4309
4735
6013
1655
4965
6703
3725
2983
757
2271
6813
4055
3973
3727
2989
775
2325
6975
4541
5431
8101
7919
7373
5735
821
2463
7389
5783
965
2895
493
1479
4437
5119
7165
5111
7141
5039
6925
4391
4981
6751
3869
3415
2053
6159
2093
6279
2453
7359
5693
695
2085
6255
2381
7143
5045
6943
4445
5143
7237
5327
7789
6983
4565
5503
125
375
1125
3375
1933
5799
1013
3039
925
2775
133
399
1197
3591
2581
7743
6845
4151
4261
4591
5581
359
1077
3231
1501
4503
5317
7759
6893
4295
4693
5887
1277
3831
3301
1711
5133
7207
5237
7519
6173
2135
6405
2831
301
903
2709
8127
7997
7607
6437
2927
589
1767
5301
7711
6749
3863
3397
1999
5997
1607
4821
6271
2429
7287
5477
47
141
423
1269
3807
3229
1495
4485
5263
7597
6407
2837
319
957
2871
421
1263
3789
3175
1333
3999
3805
3223
1477
4431
5101
7111
4949
6655
3581
2551
7653
6575
3341
1831
5493
95
285
855
2565
7695
6701
3719
2965
703
2109
6327
2597
7791
6989
4583
5557
287
861
2583
7749
6863
4205
4423
5077
7039
4733
6007
1637
4911
6541
3239
1525
4575
5533
215
645
1935
5805
1031
3093
1087
3261
1591
4773
6127
1997
5991
1589
4767
6109
1943
5829
1103
3309
1735
5205
7423
5885
1271
3813
3247
1549
4647
5749
863
2589
7767
6917
4367
4909
6535
3221
1471
4413
5047
6949
4463
5197
7399
5813
1055
3165
1303
3909
3535
2413
7239
5333
7807
7037
4727
5989
1583
4749
6055
1781
5343
7837
7127
4997
6799
4013
3847
3349
1855
5565
311
933
2799
205
615
1845
5535
221
663
1989
5967
1517
4551
5461
