34832
25368
56286
44646
21488
41240
52427
27634
26226
2767
24812
22467
25255
39593
48276
5205
22975
64175
46307
45050
42509
9662
34724
2969
42103
56787
33349
56509
64144
21796
57991
51515
36467
56759
27216
25557
55224
20794
46441
15536
53369
6310
56607
43673
45699
14517
57386
37819
26972
46310
30915
9804
6461
36486
52387
1066
24227
60103
4291
56015
37083
39070
27026
5912
4065
17577
52846
35555
6953
25210
23716
43064
49499
33089
64073
23391
63369
30827
7939
3589
65235
19976
43778
47387
30661
26828
51100
38452
28114
11887
27091
1495
36272
4338
3553
25187
3022
9495
19453
34050
608
49366
42922
5244
15152
10296
26700
33806
57849
44568
65338
383
5002
41555
8992
22386
54494
4929
64100
11939
50810
4862
54169
16510
14888
23656
52532
49100
48813
32244
5232
22628
9250
54571
63039
3558
39050
216
43248
7772
30412
27434
38130
14619
1995
64861
59269
40108
369
39342
47080
51804
38761
29321
42958
30675
62814
12539
9161
23144
19388
9835
65275
49250
21995
19952
11214
8903
55638
26617
28394
28977
45235
35672
28234
52536
29864
396
47307
41026
7406
58391
57852
12335
31361
40617
20976
54049
16997
44189
14596
14904
43551
747
10485
30246
42028
33917
31909
54815
14590
57391
64343
26672
51734
21362
19471
23971
15922
25851
7802
62494
1731
13057
45568
59782
1099
18268
24108
16866
39711
17830
59187
32082
23373
14344
43441
28304
55518
24122
29313
10549
54976
63197
20788
4432
53249
55358
47486
1831
41105
44083
58779
55400
18198
24349
36057
50693
10698
20196
7172
19360
6934
2416
51901
42673
42363
46321
31957
12248
14566
31268
57681
55573
52640
16758
65223
13242
6226
39860
37344
4081
44633
11993
10734
19547
46481
22731
5193
15321
50052
8088
20568
47063
45886
1487
57162
21718
56864
1985
36053
57054
9794
44047
15741
14715
13533
51963
51410
29142
48384
16725
6226
50986
2258
46965
64218
38189
62627
36708
1598
38234
25875
53910
42942
34215
9726
22071
57425
32343
32325
25457
23212
37604
13585
12810
32329
10194
11132
971
29181
54374
61383
45991
45983
53850
5642
60816
62024
29695
13860
21223
40393
21668
46235
62599
2431
62852
51382
17872
11304
31123
38619
49278
35381
11624
56885
19569
22495
24209
33979
36549
46738
19582
14826
64813
4702
7748
38993
33491
35960
14210
54033
59069
36571
6157
61393
63850
61008
35442
37330
23377
51913
3037
25066
61229
3892
24652
59035
60289
15162
26726
48436
58681
59269
36129
29757
55445
13890
43206
43000
3115
17325
15028
28488
15048
18449
16962
11775
1293
8308
46647
9724
29958
53104
22865
45390
33213
30190
16556
54120
26613
3163
17678
14244
57385
50266
22423
41462
54527
33517
20460
11107
24106
34338
19712
17588
49536
4316
49991
46818
57275
35804
41822
24670
53239
34340
62965
39382
2850
38873
23625
17908
8137
32613
62851
51876
42608
45363
45284
19934
33861
61516
58712
54957
48846
46017
40454
34939
35909
42905
13047
27883
558
32615
27829
52169
7487
40462
60652
47581
18109
7268
51335
63779
10229
43812
16027
22286
25140
58395
56587
33990
52507
43019
7470
30952
22589
20089
15272
54874
48858
65358
51596
11532
30949
40129
15149
17496
33992
4078
63147
7681
37643
41799
35366
33369
29841
10801
26962
54033
38246
40083
44633
24127
52234
29655
42259
64874
53882
44481
2443
3841
41226
30749
30909
50425
12106
50293
11281
35870
34221
45562
37578
60926
37286
17067
17499
42555
19646
40893
10521
63741
45286
20722
35521
47371
54922
24644
56659
17188
38934
21673
5821
50424
11007
45370
34304
33926
24661
24168
31720
44966
3778
48921
54767
8333
32601
59918
50662
14238
9766
2431
49728
5333
52396
27427
50511
64583
46460
33918
60643
61657
58001
55423
46118
23832
19263
13296
15427
34606
35384
48708
47249
13547
27567
20636
15009
64501
64189
23238
42025
6041
57107
50878
53839
41757
34542
20601
27896
6562
26183
34718
36473
16180
37251
40375
24027
6475
36258
50321
57227
31171
17249
19886
38070
15415
27462
50901
11713
52652
52771
62336
3756
52139
6875
6915
43577
20449
40689
55441
39889
43190
26813
22621
11988
63302
17946
41287
38285
15397
39533
28233
21698
1233
16429
52357
52362
30227
35439
42098
28598
19729
29134
7894
38039
8898
40381
11635
27338
44223
49859
40428
56241
8147
14343
58509
50844
56037
4540
23009
25592
52348
15479
27587
43986
60159
5124
40566
44236
40252
6991
9894
10370
28541
59962
938
11910
60429
65432
53738
63103
53213
37517
29017
22910
39028
59711
25933
53407
24980
11033
32941
32372
30166
31139
7156
30275
11184
5817
6074
38748
36612
25917
31023
21516
33442
34965
23406
26266
6421
31193
56780
53164
41775
51184
26699
54178
31961
33747
53837
16300
40731
27045
14121
61945
52331
7269
29517
31755
37445
23871
31230
5915
25986
21546
63326
13938
49358
29754
59490
22593
14329
12793
14018
25032
25151
54465
61747
15792
35370
37200
9684
14291
51906
62518
15828
1381
63006
15745
927
56065
62598
36584
17566
27213
16765
48981
20635
60220
30542
30267
59033
43681
59858
35623
12396
4341
3877
11923
38809
15561
7288
48937
11160
38705
47714
28951
45616
36967
25955
51382
33288
3766
25721
21421
58907
61929
38891
30286
2631
8953
43194
15826
26902
60772
19468
23568
30374
29809
52972
4261
49542
54072
37691
19469
56599
1351
58067
132
12204
42605
5861
23370
24797
64983
15430
42020
45862
56347
19594
34938
9472
21529
9734
19792
39862
56970
11930
26131
54246
26541
6052
37304
23450
53842
33695
2878
40684
35118
3124
45572
63344
56694
3718
45688
878
47410
57015
27651
43635
9294
12037
44870
18791
756
38973
64177
41527
3887
44661
17803
20821
13844
24754
10138
24777
63261
13908
10555
42735
28452
64505
23216
59850
2453
32723
28112
18505
30
22908
64547
1068
53142
20526
60748
53417
33667
21764
15422
7178
39479
10989
28640
37419
6043
59442
18643
5813
39826
4446
32439
9299
52934
366
17238
46271
1390
37021
14304
60080
21921
22595
15984
30875
27020
23762
31151
37246
58003
62370
29495
19446
37872
4221
38647
41839
15801
24156
54633
64620
50096
7013
48088
49646
30419
31270
50733
47657
7879
57231
64047
59788
18170
17766
22594
28957
27123
15618
61398
55065
53544
32306
26224
52653
44601
870
132
6079
33481
40845
2228
22547
52737
23059
43549
16924
25201
32718
63945
6176
50455
2569
8081
32958
63232
23068
31160
62451
56905
56501
48595
13600
26847
59495
5323
4587
23052
44148
19865
9401
55762
61863
3407
23569
41785
26043
375
60747
28930
12561
10853
21891
62504
25122
31623
6187
29460
47234
65536
52068
27861
25034
38170
3230
1109
56117
35563
24842
16476
52071
16996
6024
36462
304
6498
15808
13514
61641
57300
31418
56812
53650
51311
41979
19664
13743
21384
23676
49858
33761
13700
49691
51500
24352
25451
59113
38347
21951
41793
36038
54958
47180
3295
62989
41456
16495
42241
23513
38165
11099
60645
13058
39623
7130
59624
37562
44025
11711
43918
5584
4765
21726
44249
38282
36820
13677
11745
19386
38540
5622
60602
13776
21554
27829
36363
48805
29950
1256
13091
23739
3323
36948
32117
57372
48649
61025
31073
7176
5944
31051
55622
61394
36380
59415
9391
59535
6687
26809
42148
42348
23548
31206
30802
39398
46865
27830
33680
53929
54203
17830
10622
9639
23212
3748
57668
46541
9299
12766
56779
28739
55271
8835
6146
4657
60988
6192
25529
38029
31046
23474
9747
46734
29023
30074
38992
7686
24918
16340
50696
58516
18464
56861
58182
40714
38561
26187
28747
58490
65044
7684
10571
46221
49901
27473
18414
47868
35477
50982
50275
42944
47695
42262
40
57823
43061
45551
20299
6247
53752
5072
28388
20542
37793
61700
2774
19155
31575
9032
61561
27847
51112
36586
8773
15472
61397
16227
53444
6491
10660
7950
12314
1910
10466
59858
44053
52594
18105
64971
10238
43081
57328
40137
32942
7117
46682
54598
46494
60509
37086
25687
25712
34397
19394
16666
4342
56222
16085
45120
49006
26209
11149
43654
15883
34694
48669
65070
39392
29809
43735
39618
45002
18217
28416
55952
43090
53412
56426
22053
53477
60261
52188
44007
39872
32746
41149
57894
40829
5765
29303
31459
17235
30352
21794
14391
3704
62689
3590
18947
31849
1831
46331
2467
46023
19517
45649
48792
10608
11696
65474
49575
31697
19382
39880
58682
47029
50970
55636
3788
25133
48977
49026
29562
11087
9808
57971
54027
3791
31063
48775
36128
45392
7333
61418
32746
64238
11602
19776
2482
62090
3554
35622
1094
50256
15018
42460
40097
24461
63745
27315
50911
57800
48681
20206
38452
61405
60809
34465
25613
50644
2697
30042
63116
30628
55513
64197
30812
24065
39848
53686
59850
48852
33573
16165
64377
43003
13883
27206
45425
14525
33293
6462
36550
19197
6821
7837
16544
58378
22785
44238
35812
22078
796
61711
1939
10883
15982
31326
61094
27136
12857
54643
1550
1310
32319
50197
19182
62009
13029
64127
21202
53985
22698
2766
20547
52095
29790
21379
2304
13722
41253
60285
25965
22543
19723
14206
57134
46437
38751
65196
18635
11570
8439
51657
3813
62219
16671
58109
31497
5640
65400
11146
28275
20447
35504
53705
28643
36871
14558
16920
3088
17195
5012
40961
27618
63744
22569
54041
44373
12758
40050
25593
8193
1963
6327
52588
35373
8938
22930
28127
44012
21591
43362
45953
4704
36029
59183
977
27825
37030
53644
29294
13611
53561
36664
18447
26724
22960
16711
29009
52504
22280
866
44879
35887
40011
64881
61231
45216
49757
4381
30228
55534
29949
19038
61105
58144
61001
44103
27119
21889
40501
9436
22106
17939
32915
9601
10327
42147
64381
53882
50272
63958
4909
57932
63132
11330
21051
12775
42638
47310
27083
39632
14657
57617
54554
47267
54489
31843
26566
41861
12200
55075
46369
12748
21682
6465
9558
41314
35754
22814
21452
1248
32032
27623
23868
3424
1254
30660
34675
3758
54887
28631
46761
22794
9642
5952
25799
29345
52834
28646
44864
1430
19506
16410
34364
32522
17847
302
54322
26851
46526
5954
22252
44237
21941
2753
10273
1058
15400
63226
42640
3243
25815
32702
35541
64029
42000
40313
62106
27598
59334
30818
3974
3350
17975
63310
37065
55293
30705
29574
37217
40417
24263
52113
58105
62465
34856
42740
13364
35366
14517
43471
10616
42711
25142
27300
39371
17546
13102
13271
39904
18273
25916
55606
8463
60407
64591
51117
43446
2242
45625
52605
41124
928
14551
27032
61520
28376
45538
7936
4618
15061
47303
21836
31787
2737
52807
23861
14608
18622
38941
5388
24230
14899
42966
15329
2468
4041
64538
52024
59704
54914
58541
28831
4423
3981
9586
4032
32490
37719
50423
55823
61794
14859
5977
18648
32530
28183
33426
25410
39104
63496
24165
14122
58178
30665
15580
16558
45823
24570
33195
28436
23772
24921
30541
12689
26670
10426
61439
27554
14520
37015
15191
56557
24389
7632
54228
57278
38717
43843
54970
23880
2406
51833
48653
46294
23485
64194
23077
15164
47784
47901
21431
7986
42996
64969
44581
11738
58090
36997
7284
32770
61581
58773
26113
43584
46529
27388
13106
16496
50135
32535
31463
33525
3629
65315
58051
2356
27516
59382
5826
44784
14766
43906
64839
30226
4705
36542
10655
30381
26372
18621
36638
10527
12282
51646
30557
45176
19827
13228
23950
4095
9896
40864
41475
45418
49063
59740
22389
5210
63185
23183
39089
60372
17996
36451
7471
52937
26005
42328
47412
45467
14616
54939
59384
25122
19637
31172
63803
46992
5703
26629
16449
15855
50964
50681
18631
12471
16872
25364
55917
40972
8536
49242
44839
53874
31567
60448
5419
24129
37185
23116
3769
6414
61535
39024
45755
43643
34657
8640
60684
36990
44372
21994
22212
14150
20346
54796
1532
51236
64937
9084
51279
52731
26841
64237
61613
43124
20469
43194
13765
55329
47582
17472
24957
48685
51641
10313
22495
28508
27182
43578
11892
37606
60847
55887
61294
32351
28731
19792
57384
49655
8150
875
17240
12203
50784
44367
46780
1196
59606
26290
55107
59617
24763
53530
20741
3681
21648
9779
27571
52330
33223
50811
63188
31953
42070
57052
27912
25761
40642
14478
61754
47750
25551
42165
39284
54195
49855
22007
57466
21549
19710
22815
65338
23552
25489
20625
52803
54576
46960
3612
11351
1647
28216
63387
3184
54506
7061
16023
58194
8916
41734
2210
29444
23354
35833
44810
5632
42499
28795
24861
46804
39179
4627
15742
11747
5248
27578
53399
59331
2460
47572
15476
18481
53960
42397
16214
55606
29793
61665
46222
50657
30306
58357
51093
43681
43494
25816
52227
28464
53046
55770
22125
16180
6358
15360
19920
58479
51354
6435
22511
26988
60110
18499
17883
4611
62636
48139
50605
58895
52567
20443
46702
14618
50053
11234
12097
45088
53449
7366
37891
55962
42557
28013
40777
13143
13546
14217
61137
10780
21176
997
11256
45086
38235
46615
49309
11650
16922
52342
2343
31459
45277
14615
26431
9300
28651
24186
43374
2431
20574
1481
42509
7015
57785
52970
11317
4373
26613
8705
12896
15710
30651
61014
14261
25384
57861
18030
47312
30113
16643
52675
27586
62265
45325
15721
35740
24133
33794
13231
5337
9611
61797
45904
44143
64161
58214
52527
46399
37865
16375
26602
9238
9358
38230
8002
24105
61051
24783
16840
20117
17426
42093
32683
54854
8431
31971
30993
22949
6754
22128
32379
61945
51275
21593
8091
32260
48399
46144
55031
16917
62293
23168
34782
27632
8383
23219
19947
28013
64993
16598
63209
9021
36569
38495
33063
22801
14865
45350
64546
25793
33201
51662
33245
42397
58074
5854
18588
54788
15621
2401
34611
56875
749
7722
52617
45802
26147
64166
16581
25054
18813
4593
64000
2167
51065
43354
19361
15857
53451
20262
56404
55699
14790
46439
7047
2344
52728
18608
1513
41879
60494
20107
30238
28931
33644
40993
45384
46682
44036
650
31778
5289
32144
22391
14412
59860
24361
6372
14295
46924
25751
51901
49096
24885
22843
15357
41437
15736
12198
36650
8707
42679
41025
32054
60951
62864
57806
48888
14588
18324
56967
37638
17317
50759
37591
56131
15987
17920
8397
16482
2182
50026
23648
59754
12058
14536
762
44517
41634
7645
2169
57326
43976
23420
5867
31263
60641
54229
34275
31839
56300
33196
19356
50139
55077
57776
12897
10489
29224
63001
49449
54073
58872
13588
60786
18835
19498
53615
29810
55313
38246
46002
24451
11159
16647
64915
9060
32190
9559
55344
63002
32549
6384
59104
56967
19995
6786
29107
4550
16391
10746
64637
19481
10103
56240
60388
61827
52740
40393
6782
47465
26597
18057
31470
6369
54320
5300
7801
12768
31368
37547
63058
42160
15353
19950
10361
57772
8840
60584
57557
56477
35851
47554
30169
43170
45933
34352
40715
63318
32457
21649
49479
18731
42933
43242
7132
2237
33741
16501
5535
17807
45863
36934
57202
42128
41534
286
7540
36551
46245
42012
62441
41289
50436
12700
26839
56917
14469
44696
42385
53795
61220
24599
63701
3561
5342
58003
19700
25099
61334
60275
31626
12663
53144
15482
47343
59326
49155
30328
17423
42712
26496
31717
22761
15851
53240
4522
63346
50754
48932
34141
16742
58311
57854
63631
15389
26151
54542
43688
47857
39840
3113
28088
53749
40171
48260
46059
50907
18995
21976
21869
64262
37007
56252
65007
34076
61287
55555
47374
10581
47638
58698
14304
57310
31810
14984
12502
36286
35344
40273
34950
49054
55832
10009
7438
1854
60777
18272
35222
25251
5465
48171
2409
23378
13560
55071
42839
25152
40359
65208
12555
41029
47948
20082
28791
40015
2715
60124
4084
11232
62487
59757
29191
62285
24723
4296
14693
2613
13984
28796
48967
11218
44412
45624
48620
9529
61267
21134
50577
61553
59995
1266
40953
35042
51533
36413
24603
39140
22447
31438
18998
25459
48959
42980
13655
37308
58918
45081
60473
13030
48270
16026
22165
23730
60849
29367
5952
17594
12842
43755
8218
32603
40376
34773
8884
4636
40802
11422
38798
65471
35497
4202
2121
62456
50908
25601
45471
62350
40053
63502
4499
35809
55411
47186
31405
25936
51489
43142
12983
53676
42361
56219
33184
23017
15325
25380
61433
25859
48244
40168
61678
22316
29915
12811
34404
59004
4337
65371
24978
11925
51347
58273
47774
52603
2506
58882
31143
19245
32398
19617
41447
61925
7317
37402
10540
34657
28507
45436
21522
42013
51866
12609
9928
4646
63032
46025
5011
34595
16603
41658
12374
3231
3415
3238
15320
51911
8540
27527
26371
33745
33774
4197
49035
6474
48043
57535
45930
56657
56782
47045
32975
26837
46713
5936
35233
61537
8663
27401
40526
8438
5288
8366
56806
25586
32002
2938
6848
27550
63733
29316
34579
319
37668
39641
3298
46348
48107
13876
30219
6849
15279
60985
26672
6168
37569
17272
15242
65285
45702
55730
60329
19025
4706
32317
4002
11710
8543
64297
8732
43793
57849
19788
15142
53775
31326
65378
25892
43072
13204
32125
33341
18762
1596
46135
52686
65111
55658
36003
14669
46138
51117
10821
10948
49268
7833
56594
14600
44516
22059
59682
43079
33363
62078
24399
58209
43034
28329
29444
16994
58352
32931
7685
19192
7153
41476
12036
7623
13855
51593
65493
50903
26806
32670
63829
45418
61822
29647
22015
31477
26974
54662
28840
8231
7779
39726
48105
2208
41720
26015
1700
19644
32295
35113
1324
39337
63830
41292
62064
39118
38101
36019
48734
7157
3795
52867
11823
22949
455
39032
15699
9356
56604
11437
15026
62817
64710
39778
29156
6299
11709
17958
2172
2056
56160
30414
29375
57296
56657
42455
61590
14854
27443
31674
17352
57458
45731
261
10325
50662
57913
41974
34199
10683
46309
32084
36910
11205
61434
7585
30171
14577
14621
24148
24799
64277
40874
29752
6354
40590
64021
31052
65481
50735
51853
17648
4512
63965
59702
21870
57840
22142
61152
59764
44989
23629
55390
40519
58232
36963
32222
9115
18072
16980
33908
53036
30878
45479
13077
63727
14936
38694
2292
52487
46249
19308
4056
52211
12413
42344
6458
40538
44793
37471
6756
64324
16987
6909
51645
41600
25139
9604
39797
31249
50651
49660
12583
37948
22116
23644
57032
39053
43144
35850
4421
2826
54449
44945
65400
57136
45431
53567
65533
29641
30394
32942
899
51656
31138
53366
31848
3267
445
46774
27692
56528
20911
10145
12439
40686
20457
38489
65057
44600
26451
29371
28516
34847
48583
31282
29414
26179
60170
8282
60440
112
53683
17536
44094
7155
62473
63990
27612
21241
45535
49524
47711
6387
48983
60230
5546
62107
36372
59907
9114
8156
39848
26530
39921
14512
943
63018
37945
40352
14467
61519
46511
49682
1088
19030
59692
19613
60413
64731
1930
45997
43809
27704
57936
947
48794
14162
10964
37031
17372
54343
9031
62145
46643
40321
64972
4308
50547
55630
59687
12998
45061
22712
7763
38350
12658
62689
9771
51808
49173
49764
50592
831
30932
46760
6095
30266
28151
63861
62062
15705
18548
52933
55384
55829
18469
38964
8472
41748
59843
2423
60965
58410
63370
24028
51714
20299
43925
34978
44810
17464
29268
62522
2240
17227
1076
24099
34514
10687
42172
1373
11727
62201
1846
30740
39436
40814
38704
34505
9108
28394
23987
43478
62170
38409
16588
48422
36742
44148
30096
39043
4742
65331
64062
16847
52934
42284
37597
11030
32422
48818
51439
43175
53925
28728
17761
44849
12336
49549
9757
34778
21726
39914
1626
58773
20088
60485
6038
37956
62928
46275
44908
48046
37526
60376
36881
38526
32298
57700
36169
14796
19230
65162
36621
36596
27803
886
11909
12133
4129
8968
21822
24785
7508
41071
50244
48636
39315
54723
62622
65351
41153
8482
14206
63440
32156
12987
13068
45725
15691
18097
8849
27684
50087
14532
35148
53107
30289
64019
23605
63471
6614
1152
32147
55961
4258
54666
11404
60392
37086
8092
36960
55346
30985
50699
21882
64739
52121
23107
46931
13057
11559
65229
34961
46228
3684
22275
31008
30452
51460
2848
52654
16958
60221
38057
61786
29364
12972
35355
38670
39584
5994
34615
41311
10030
12547
15679
40112
47
41336
47481
34349
53860
21820
5014
47398
54077
20855
37242
43618
52696
57723
2972
4367
55584
41858
18896
59655
53665
5060
31340
42811
27030
59066
35112
4886
59905
54204
51638
46626
39953
24821
21692
13556
40712
43987
2468
62247
29121
29141
27079
55657
25589
24256
18733
5800
27300
45052
6600
64086
47137
18823
43270
1142
22842
57542
27347
58593
19880
48589
11366
51914
38539
5060
44918
390
31736
29099
47289
51577
5141
46478
21026
2465
9669
59554
34134
51664
48248
39228
18573
42283
44893
31884
22310
16831
23347
5783
25942
59708
44090
29213
31363
52497
36564
60111
30629
54614
36663
50264
59648
58532
41117
49729
45281
31562
55818
51929
288
53611
24940
16228
15529
28752
55062
18759
8891
23649
27674
64379
49174
54622
300
38242
4380
44644
2541
51006
42635
33100
54527
63523
545
50045
64778
5396
10849
35138
30902
25036
33549
40621
61920
58849
38460
52708
55149
8107
47640
7339
64620
61018
30807
36732
60227
30457
63270
4480
64650
64168
50629
25229
41965
52819
2944
4159
12869
17994
63305
30453
41569
24848
3206
63412
21948
38128
27988
34939
56100
26042
65136
58058
62412
23739
62638
13253
26893
35734
54242
48799
53291
32631
62228
51822
55246
51262
3476
49955
31925
30277
17492
22745
55076
21713
55925
57068
43395
56449
11470
40391
22945
32403
23027
63326
498
7468
2511
42959
27995
55300
903
45151
7352
59993
23962
44155
17894
14270
6089
21514
51956
24258
3963
28864
10276
44544
62258
49349
16286
9643
19899
14432
59474
55077
55740
2215
43361
29986
65105
35407
58182
31951
4991
59454
57596
26339
50892
39902
32204
20221
33266
15254
4977
58697
46077
63461
35681
18289
14542
35214
23089
33453
2332
64701
2558
9227
30216
62259
18765
15289
41601
29217
53437
54001
52579
11367
38099
61802
4788
51671
18895
19
59716
1322
46124
53675
7103
48244
58103
34533
57016
47540
63706
10255
55036
42164
42607
37428
37903
25733
62263
60263
21628
26529
51313
63533
36996
15921
62373
21150
41163
41206
46715
5763
64746
39512
54721
13259
18831
15290
28280
55768
47208
1732
58037
27626
59381
29589
60594
16600
35092
31457
51378
47390
63536
5829
42152
7377
14472
12928
12430
64869
15337
54201
51651
60243
33115
4272
26536
58561
2794
12702
2104
36529
36775
42654
65352
52863
49996
49320
12354
28478
50185
63990
14923
28629
21551
3959
43278
7467
41774
29360
27411
45972
53397
54777
39702
1800
64686
495
2674
54887
8111
29309
59419
39171
33826
49389
34442
31199
18205
45418
45075
19912
57449
45595
276
40795
9156
59723
56127
65474
47803
51042
45311
64406
5275
49645
34108
26699
21288
62614
59382
5531
30020
21186
55272
14011
38344
20900
60430
679
18221
36760
1355
44894
62310
58847
33072
43238
51348
31255
15837
34333
20781
11567
50482
42774
48773
14638
59851
51156
6912
39276
61544
26817
63827
14577
65153
46956
58619
50479
19435
14496
43804
11760
20890
22071
62637
49655
51469
16287
41435
35022
63578
46024
57606
17562
58131
29041
1372
57293
55044
25990
19743
54950
13607
36156
29633
65162
35664
28586
20682
44091
64728
4730
43293
38695
39441
37471
7970
55332
3543
40414
37282
32469
14300
9296
1364
21611
28667
14988
32174
21939
17053
24536
26126
40306
31079
64223
54417
50110
43658
19235
58223
57168
44279
25960
29266
26525
38234
14537
54677
30110
20634
18715
25043
23285
20871
18217
61483
4265
64412
30210
12395
14477
35095
7688
56207
180
8945
38337
37062
62466
38514
20807
7028
42218
19354
16508
11831
63910
5123
41937
15042
40428
23513
24088
16733
19715
20448
30757
38613
44986
40160
8900
15621
37731
30379
56667
11660
59057
2347
3151
59273
31216
27831
7439
32876
60036
14830
43648
39840
33153
32200
18196
16878
18779
52088
48308
57947
9616
17991
44249
18066
44279
17397
43556
53699
57621
40370
12067
28348
9401
24593
59133
35437
3056
37858
41907
6174
33396
47783
25433
39203
13295
38633
54518
28973
34850
57254
27899
28753
14401
2455
13455
50753
32008
26550
4186
51273
382
3304
4621
34890
23753
6078
36788
51959
3967
1785
17968
13847
42700
11069
15389
47484
8611
53583
28765
30403
62257
44421
46296
55755
16900
36381
44668
43233
49483
36838
4783
9768
53449
46510
63469
60549
23204
60616
40790
16105
63853
22503
55680
15985
20002
50583
3198
35969
61600
11897
29704
60615
32981
43805
21276
51804
14055
6356
43983
29931
11301
8968
19613
9405
3957
17714
9504
26261
32190
55246
24739
33748
41298
62701
16308
43418
29510
64324
19109
25705
23598
59672
48519
24232
26310
61035
65513
38842
9928
32304
57729
45656
38059
36897
48610
26267
59845
43462
5309
351
46040
48530
40819
34676
54219
61549
29008
46484
12800
15382
35544
36439
30421
36443
29571
51939
65205
34094
44916
58789
45373
3526
56554
13677
53486
12642
29536
56541
16287
24556
50252
39555
50366
27379
36266
247
35098
52221
42643
33075
7426
43607
15894
37635
6556
62555
38497
55415
14614
18366
61559
15311
33038
26531
1540
11206
49293
42252
8954
521
58787
3220
20661
61636
29145
41093
48002
1128
20829
21606
16519
20950
19883
62493
64345
11278
58306
16831
56677
6772
20476
7853
491
46472
19380
29735
2787
16362
2287
27208
20194
31903
26647
64788
22076
38592
8421
27395
6779
4661
61069
18468
22727
6282
23487
16746
13675
4484
57930
9581
24579
20167
50978
49324
24531
7296
56288
15737
62154
30956
29421
37486
14898
34073
54390
47170
21256
35608
11490
28960
20653
63618
53408
65364
8317
61318
60355
62904
42214
45390
12829
3390
52980
61719
61469
15099
1086
63786
48475
57997
5387
57981
7926
65146
15780
19527
14257
13489
28328
47235
50530
11122
54897
55747
6289
23880
3169
45005
38560
12187
61131
1735
33316
6399
21637
1269
39573
20735
9008
13055
6655
18280
22203
60348
23707
51249
59245
21256
